9.974152105312040772e-01
9.965726078488105211e-01
9.974152105312040772e-01
9.968790088242263092e-01
9.957300051664170759e-01
9.963428071172486522e-01
1.002394226381710940e+00
9.960364061418328641e-01
9.958066054102709952e-01
9.959598058979789448e-01
9.981812129697436031e-01
9.992536163836989171e-01
9.958832056541250255e-01
9.981046127258895728e-01
9.972620100434961277e-01
9.964960076049566018e-01
9.947342019963156812e-01
9.952704037032933382e-01
9.955768046787091263e-01
9.984110137013054720e-01
9.969556090680803395e-01
9.961130063856867833e-01
9.952704037032933382e-01
9.945810015086077316e-01
9.972620100434961277e-01
9.976450112627658351e-01
9.961896066295408136e-01
9.995600173591147053e-01
9.964194073611026825e-01
9.961130063856867833e-01
9.987174146767212601e-01
9.982578132135975224e-01
9.951938034594394189e-01
9.963428071172486522e-01
1.000938821748485807e+00
9.965726078488105211e-01
9.955768046787091263e-01
9.955768046787091263e-01
9.958066054102709952e-01
9.968024085803723899e-01
9.961130063856867833e-01
9.980280124820356535e-01
9.951172032155853886e-01
9.958066054102709952e-01
9.945810015086077316e-01
9.986408144328672298e-01
9.962662068733947329e-01
9.972620100434961277e-01
9.974918107750579965e-01
9.955002044348552070e-01
9.959598058979789448e-01
9.965726078488105211e-01
9.964194073611026825e-01
9.964960076049566018e-01
9.958066054102709952e-01
9.958066054102709952e-01
9.962662068733947329e-01
9.974152105312040772e-01
9.973386102873500469e-01
9.964960076049566018e-01
9.955002044348552070e-01
9.995600173591147053e-01
9.954236041910012878e-01
9.958832056541250255e-01
9.971854097996422084e-01
9.961896066295408136e-01
9.963428071172486522e-01
9.950406029717314693e-01
9.985642141890133106e-01
9.955002044348552070e-01
9.967258083365184707e-01
9.964960076049566018e-01
9.958832056541250255e-01
9.947342019963156812e-01
9.953470039471472575e-01
9.961896066295408136e-01
9.979514122381817343e-01
9.958066054102709952e-01
9.984876139451593913e-01
9.958832056541250255e-01
9.951938034594394189e-01
9.954236041910012878e-01
9.963428071172486522e-01
9.959598058979789448e-01
9.975684110189119158e-01
9.969556090680803395e-01
9.963428071172486522e-01
9.956534049225631566e-01
9.964194073611026825e-01
9.971088095557881781e-01
9.977982117504737847e-01
9.959598058979789448e-01
9.975684110189119158e-01
9.966492080926645514e-01
9.955002044348552070e-01
9.964194073611026825e-01
9.982578132135975224e-01
9.951172032155853886e-01
9.960364061418328641e-01
9.960364061418328641e-01
